~o
<STREAMINFO> 1 39
<VECSIZE> 39<NULLD><MFCC_D_A_Z_0><DIAGC>
~h "proto"
<BEGINHMM>
<NUMSTATES> 5
<STATE> 2
<MEAN> 39
 -1.976636e-08 -9.028131e-09 7.807720e-09 1.917608e-09 -5.066857e-09 -4.207223e-10 1.370574e-08 8.032949e-09 -1.016313e-08 1.054495e-08 1.710347e-08 2.032120e-09 1.322523e-08 1.667334e-02 4.055824e-02 2.045387e-02 2.446664e-02 2.844112e-02 3.496186e-02 2.847775e-02 1.132427e-02 1.786168e-02 1.818472e-02 1.786326e-03 2.643119e-03 -5.973558e-03 -3.643482e-04 -6.007093e-06 1.112442e-04 -3.681669e-04 -3.212116e-04 -5.114067e-04 -6.260839e-04 -1.825100e-04 2.665036e-04 8.434237e-05 5.106977e-04 -8.652025e-05 -1.710385e-04
<VARIANCE> 39
 6.167360e+02 3.055753e+02 5.029951e+02 4.235080e+02 3.020565e+02 3.513228e+02 3.576046e+02 3.145977e+02 3.123657e+02 2.649583e+02 2.296422e+02 2.124384e+02 1.180017e+03 2.278196e+01 1.545969e+01 2.184490e+01 2.118026e+01 1.813457e+01 2.097697e+01 2.257949e+01 2.166197e+01 2.009621e+01 1.748386e+01 1.664882e+01 1.534702e+01 2.729188e+01 3.005251e+00 2.352015e+00 2.950212e+00 3.333421e+00 2.970494e+00 3.528043e+00 3.797136e+00 3.764201e+00 3.477513e+00 3.067418e+00 2.924890e+00 2.697371e+00 3.680276e+00
<GCONST> 2.023215e+02
<STATE> 3
<MEAN> 39
 -1.976636e-08 -9.028131e-09 7.807720e-09 1.917608e-09 -5.066857e-09 -4.207223e-10 1.370574e-08 8.032949e-09 -1.016313e-08 1.054495e-08 1.710347e-08 2.032120e-09 1.322523e-08 1.667334e-02 4.055824e-02 2.045387e-02 2.446664e-02 2.844112e-02 3.496186e-02 2.847775e-02 1.132427e-02 1.786168e-02 1.818472e-02 1.786326e-03 2.643119e-03 -5.973558e-03 -3.643482e-04 -6.007093e-06 1.112442e-04 -3.681669e-04 -3.212116e-04 -5.114067e-04 -6.260839e-04 -1.825100e-04 2.665036e-04 8.434237e-05 5.106977e-04 -8.652025e-05 -1.710385e-04
<VARIANCE> 39
 6.167360e+02 3.055753e+02 5.029951e+02 4.235080e+02 3.020565e+02 3.513228e+02 3.576046e+02 3.145977e+02 3.123657e+02 2.649583e+02 2.296422e+02 2.124384e+02 1.180017e+03 2.278196e+01 1.545969e+01 2.184490e+01 2.118026e+01 1.813457e+01 2.097697e+01 2.257949e+01 2.166197e+01 2.009621e+01 1.748386e+01 1.664882e+01 1.534702e+01 2.729188e+01 3.005251e+00 2.352015e+00 2.950212e+00 3.333421e+00 2.970494e+00 3.528043e+00 3.797136e+00 3.764201e+00 3.477513e+00 3.067418e+00 2.924890e+00 2.697371e+00 3.680276e+00
<GCONST> 2.023215e+02
<STATE> 4
<MEAN> 39
 -1.976636e-08 -9.028131e-09 7.807720e-09 1.917608e-09 -5.066857e-09 -4.207223e-10 1.370574e-08 8.032949e-09 -1.016313e-08 1.054495e-08 1.710347e-08 2.032120e-09 1.322523e-08 1.667334e-02 4.055824e-02 2.045387e-02 2.446664e-02 2.844112e-02 3.496186e-02 2.847775e-02 1.132427e-02 1.786168e-02 1.818472e-02 1.786326e-03 2.643119e-03 -5.973558e-03 -3.643482e-04 -6.007093e-06 1.112442e-04 -3.681669e-04 -3.212116e-04 -5.114067e-04 -6.260839e-04 -1.825100e-04 2.665036e-04 8.434237e-05 5.106977e-04 -8.652025e-05 -1.710385e-04
<VARIANCE> 39
 6.167360e+02 3.055753e+02 5.029951e+02 4.235080e+02 3.020565e+02 3.513228e+02 3.576046e+02 3.145977e+02 3.123657e+02 2.649583e+02 2.296422e+02 2.124384e+02 1.180017e+03 2.278196e+01 1.545969e+01 2.184490e+01 2.118026e+01 1.813457e+01 2.097697e+01 2.257949e+01 2.166197e+01 2.009621e+01 1.748386e+01 1.664882e+01 1.534702e+01 2.729188e+01 3.005251e+00 2.352015e+00 2.950212e+00 3.333421e+00 2.970494e+00 3.528043e+00 3.797136e+00 3.764201e+00 3.477513e+00 3.067418e+00 2.924890e+00 2.697371e+00 3.680276e+00
<GCONST> 2.023215e+02
<TRANSP> 5
 0.000000e+00 1.000000e+00 0.000000e+00 0.000000e+00 0.000000e+00
 0.000000e+00 6.000000e-01 4.000000e-01 0.000000e+00 0.000000e+00
 0.000000e+00 0.000000e+00 6.000000e-01 4.000000e-01 0.000000e+00
 0.000000e+00 0.000000e+00 0.000000e+00 7.000000e-01 3.000000e-01
 0.000000e+00 0.000000e+00 0.000000e+00 0.000000e+00 0.000000e+00
<ENDHMM>
