~o
<STREAMINFO> 1 39
<VECSIZE> 39<NULLD><MFCC_D_A_0><DIAGC>
~h "proto"
<BEGINHMM>
<NUMSTATES> 5
<STATE> 2
<MEAN> 39
 -4.306156e+00 -4.155559e+00 1.099964e+01 -2.312616e+00 -1.211575e+00 -4.119345e+00 -2.222251e+00 2.470617e+00 -3.904776e+00 5.203768e+00 -2.461537e+00 4.158000e+00 9.890697e+01 1.667334e-02 4.055824e-02 2.045387e-02 2.446664e-02 2.844112e-02 3.496186e-02 2.847775e-02 1.132427e-02 1.786168e-02 1.818472e-02 1.786326e-03 2.643119e-03 -5.973558e-03 -3.643482e-04 -6.007093e-06 1.112442e-04 -3.681669e-04 -3.212116e-04 -5.114067e-04 -6.260839e-04 -1.825100e-04 2.665036e-04 8.434237e-05 5.106977e-04 -8.652025e-05 -1.710385e-04
<VARIANCE> 39
 6.754233e+02 3.412257e+02 5.608447e+02 4.796207e+02 3.472295e+02 4.011118e+02 4.413517e+02 3.617792e+02 3.683716e+02 3.040219e+02 2.640150e+02 2.509556e+02 1.298280e+03 2.278196e+01 1.545969e+01 2.184490e+01 2.118026e+01 1.813457e+01 2.097697e+01 2.257949e+01 2.166197e+01 2.009621e+01 1.748386e+01 1.664882e+01 1.534702e+01 2.729188e+01 3.005251e+00 2.352015e+00 2.950212e+00 3.333421e+00 2.970494e+00 3.528043e+00 3.797136e+00 3.764201e+00 3.477513e+00 3.067418e+00 2.924890e+00 2.697371e+00 3.680276e+00
<GCONST> 2.040821e+02
<STATE> 3
<MEAN> 39
 -4.306156e+00 -4.155559e+00 1.099964e+01 -2.312616e+00 -1.211575e+00 -4.119345e+00 -2.222251e+00 2.470617e+00 -3.904776e+00 5.203768e+00 -2.461537e+00 4.158000e+00 9.890697e+01 1.667334e-02 4.055824e-02 2.045387e-02 2.446664e-02 2.844112e-02 3.496186e-02 2.847775e-02 1.132427e-02 1.786168e-02 1.818472e-02 1.786326e-03 2.643119e-03 -5.973558e-03 -3.643482e-04 -6.007093e-06 1.112442e-04 -3.681669e-04 -3.212116e-04 -5.114067e-04 -6.260839e-04 -1.825100e-04 2.665036e-04 8.434237e-05 5.106977e-04 -8.652025e-05 -1.710385e-04
<VARIANCE> 39
 6.754233e+02 3.412257e+02 5.608447e+02 4.796207e+02 3.472295e+02 4.011118e+02 4.413517e+02 3.617792e+02 3.683716e+02 3.040219e+02 2.640150e+02 2.509556e+02 1.298280e+03 2.278196e+01 1.545969e+01 2.184490e+01 2.118026e+01 1.813457e+01 2.097697e+01 2.257949e+01 2.166197e+01 2.009621e+01 1.748386e+01 1.664882e+01 1.534702e+01 2.729188e+01 3.005251e+00 2.352015e+00 2.950212e+00 3.333421e+00 2.970494e+00 3.528043e+00 3.797136e+00 3.764201e+00 3.477513e+00 3.067418e+00 2.924890e+00 2.697371e+00 3.680276e+00
<GCONST> 2.040821e+02
<STATE> 4
<MEAN> 39
 -4.306156e+00 -4.155559e+00 1.099964e+01 -2.312616e+00 -1.211575e+00 -4.119345e+00 -2.222251e+00 2.470617e+00 -3.904776e+00 5.203768e+00 -2.461537e+00 4.158000e+00 9.890697e+01 1.667334e-02 4.055824e-02 2.045387e-02 2.446664e-02 2.844112e-02 3.496186e-02 2.847775e-02 1.132427e-02 1.786168e-02 1.818472e-02 1.786326e-03 2.643119e-03 -5.973558e-03 -3.643482e-04 -6.007093e-06 1.112442e-04 -3.681669e-04 -3.212116e-04 -5.114067e-04 -6.260839e-04 -1.825100e-04 2.665036e-04 8.434237e-05 5.106977e-04 -8.652025e-05 -1.710385e-04
<VARIANCE> 39
 6.754233e+02 3.412257e+02 5.608447e+02 4.796207e+02 3.472295e+02 4.011118e+02 4.413517e+02 3.617792e+02 3.683716e+02 3.040219e+02 2.640150e+02 2.509556e+02 1.298280e+03 2.278196e+01 1.545969e+01 2.184490e+01 2.118026e+01 1.813457e+01 2.097697e+01 2.257949e+01 2.166197e+01 2.009621e+01 1.748386e+01 1.664882e+01 1.534702e+01 2.729188e+01 3.005251e+00 2.352015e+00 2.950212e+00 3.333421e+00 2.970494e+00 3.528043e+00 3.797136e+00 3.764201e+00 3.477513e+00 3.067418e+00 2.924890e+00 2.697371e+00 3.680276e+00
<GCONST> 2.040821e+02
<TRANSP> 5
 0.000000e+00 1.000000e+00 0.000000e+00 0.000000e+00 0.000000e+00
 0.000000e+00 6.000000e-01 4.000000e-01 0.000000e+00 0.000000e+00
 0.000000e+00 0.000000e+00 6.000000e-01 4.000000e-01 0.000000e+00
 0.000000e+00 0.000000e+00 0.000000e+00 7.000000e-01 3.000000e-01
 0.000000e+00 0.000000e+00 0.000000e+00 0.000000e+00 0.000000e+00
<ENDHMM>
