~o
<STREAMINFO> 1 12
<VECSIZE> 12<NULLD><MFCC><DIAGC>
~h "proto"
<BEGINHMM>
<NUMSTATES> 5
<STATE> 2
<MEAN> 12
 -4.306156e+00 -4.155559e+00 1.099964e+01 -2.312616e+00 -1.211575e+00 -4.119345e+00 -2.222251e+00 2.470617e+00 -3.904776e+00 5.203768e+00 -2.461537e+00 4.158000e+00
<VARIANCE> 12
 6.754233e+02 3.412257e+02 5.608447e+02 4.796207e+02 3.472295e+02 4.011118e+02 4.413517e+02 3.617792e+02 3.683716e+02 3.040219e+02 2.640150e+02 2.509556e+02
<GCONST> 9.345744e+01
<STATE> 3
<MEAN> 12
 -4.306156e+00 -4.155559e+00 1.099964e+01 -2.312616e+00 -1.211575e+00 -4.119345e+00 -2.222251e+00 2.470617e+00 -3.904776e+00 5.203768e+00 -2.461537e+00 4.158000e+00
<VARIANCE> 12
 6.754233e+02 3.412257e+02 5.608447e+02 4.796207e+02 3.472295e+02 4.011118e+02 4.413517e+02 3.617792e+02 3.683716e+02 3.040219e+02 2.640150e+02 2.509556e+02
<GCONST> 9.345744e+01
<STATE> 4
<MEAN> 12
 -4.306156e+00 -4.155559e+00 1.099964e+01 -2.312616e+00 -1.211575e+00 -4.119345e+00 -2.222251e+00 2.470617e+00 -3.904776e+00 5.203768e+00 -2.461537e+00 4.158000e+00
<VARIANCE> 12
 6.754233e+02 3.412257e+02 5.608447e+02 4.796207e+02 3.472295e+02 4.011118e+02 4.413517e+02 3.617792e+02 3.683716e+02 3.040219e+02 2.640150e+02 2.509556e+02
<GCONST> 9.345744e+01
<TRANSP> 5
 0.000000e+00 1.000000e+00 0.000000e+00 0.000000e+00 0.000000e+00
 0.000000e+00 6.000000e-01 4.000000e-01 0.000000e+00 0.000000e+00
 0.000000e+00 0.000000e+00 6.000000e-01 4.000000e-01 0.000000e+00
 0.000000e+00 0.000000e+00 0.000000e+00 7.000000e-01 3.000000e-01
 0.000000e+00 0.000000e+00 0.000000e+00 0.000000e+00 0.000000e+00
<ENDHMM>
